#  R3D_GRID:
#  Line 1:  ni nj nk
#  Line 2:  Index_Base
#  Lines 3 and up describe grid nodes:
#  i j k    x y x    vp vs rho qp qs    nu eps a k
#
1 1 7
0
  0   0   0      0.00000     0.00000     0.00000      1.00000   0.50000   2.60000       939.6     328.3     0.20000   0.00100 10000.00000   0.80000
  0   0   1      0.00000     0.00000   -28.00000      5.50000   3.30000   2.60000       666.5     328.3     0.20000   0.00100 10000.00000   0.80000
  0   0   1      0.00000     0.00000   -28.00000      7.68000   4.41000   3.34000       539.7     357.6     0.20000   0.00100 10000.00000   0.80000
  0   0   2      0.00000     0.00000 -1272.00000      8.18000   4.67000   3.45000       542.2     357.6     0.20000   0.00100 10000.00000   0.80000
  0   0   2      0.00000     0.00000 -1272.00000      8.15000   4.57000   3.45000       549.9     357.6     0.20000   0.00100 10000.00000   0.80000
  0   0   3      0.00000     0.00000 -1298.00000      8.15000   4.57000   3.45000       549.9     357.6     0.20000   0.00100 10000.00000   0.80000
  0   0   3      0.00000     0.00000 -1298.00000      8.11000   4.51000   3.45000       553.4     357.6     0.20000   0.00100 10000.00000   0.80000
  0   0   4      0.00000     0.00000 -1313.00000      8.11000   4.51000   3.45000       553.4     357.6     0.20000   0.00100 10000.00000   0.80000
  0   0   4      0.00000     0.00000 -1313.00000      8.07000   4.48000   3.46000        14.5       6.0     0.20000   0.00100 10000.00000   0.80000
  0   0   5      0.00000     0.00000 -1323.00000      8.07000   4.48000   3.46000        14.5       6.0     0.20000   0.00100 10000.00000   0.80000
  0   0   5      0.00000     0.00000 -1323.00000      4.00000   0.00001   3.98000     56580.7       6.0     0.20000   0.00100 10000.00000   0.80000
  0   0   6      0.00000     0.00000 -1737.10000      4.00000   0.00001   4.55000     56580.7       6.0     0.20000   0.00100 10000.00000   0.80000
#  END R3D_GRID
