SEIS1=--seis-p2p=624,225,0,625,225,0,1.0,2.0,500,2
SOURCELOC=0,0,-917
SEIS2=--seis-p2p=749,235,0,750,235,0,1.0,2.0,500,2
SEIS3=--seis-p2p=1810,228,0,1811,228,0,1.0,2.0,500,2
SEIS4=--seis-p2p=1607,255,0,1608,255,0,1.0,2.0,500,2
SEIS1=--seis-p2p=624,225,0,625,225,0,1.0,2.0,500.0,2
SOURCELOC=0,0,-917
SEIS2=--seis-p2p=749,235,0,750,235,0,1.0,2.0,500.0,2
SEIS3=--seis-p2p=1810,228,0,1811,228,0,1.0,2.0,500.0,2
SEIS4=--seis-p2p=1607,255,0,1608,255,0,1.0,2.0,500.0,2
SEIS1=--seis-p2p=624,225,0,625,225,0,1.0,2.0,500.0,2
SOURCELOC=0,0,-917
SEIS2=--seis-p2p=749,235,0,750,235,0,1.0,2.0,500.0,2
SEIS3=--seis-p2p=1810,228,0,1811,228,0,1.0,2.0,500.0,2
SEIS4=--seis-p2p=1607,255,0,1608,255,0,1.0,2.0,500.0,2
SEIS1=--seis-p2p=624,225,0,625,225,0,1.0,2.0,500.0,2
SOURCELOC=0,0,-917
SEIS2=--seis-p2p=749,235,0,750,235,0,1.0,2.0,500.0,2
SEIS3=--seis-p2p=1810,228,0,1811,228,0,1.0,2.0,500.0,2
SEIS4=--seis-p2p=1607,255,0,1608,255,0,1.0,2.0,500.0,2
SEIS1=--seis-p2p=624,225,0,625,225,0,1.0,2.0,500.0,2
SOURCELOC=0,0,-917
SEIS2=--seis-p2p=749,235,0,750,235,0,1.0,2.0,500.0,2
SEIS3=--seis-p2p=1810,228,0,1811,228,0,1.0,2.0,500.0,2
SEIS4=--seis-p2p=1607,255,0,1608,255,0,1.0,2.0,500.0,2
SEIS1=--seis-p2p=624,225,0,625,225,0,1.0,2.0,500.0,2
SOURCELOC=0,0,-917
SEIS2=--seis-p2p=749,235,0,750,235,0,1.0,2.0,500.0,2
SEIS3=--seis-p2p=1810,228,0,1811,228,0,1.0,2.0,500.0,2
SEIS4=--seis-p2p=1607,255,0,1608,255,0,1.0,2.0,500.0,2
SEIS1=--seis-p2p=624,225,0,625,225,0,1.0,2.0,500.0,2
SOURCELOC=0,0,-917
SEIS2=--seis-p2p=749,235,0,750,235,0,1.0,2.0,500.0,2
SEIS3=--seis-p2p=1810,228,0,1811,228,0,1.0,2.0,500.0,2
SEIS4=--seis-p2p=1607,255,0,1608,255,0,1.0,2.0,500.0,2
SEIS1=--seis-p2p=624,225,0,625,225,0,1.0,2.0,500.0,2
SOURCELOC=0,0,-917
SEIS2=--seis-p2p=749,235,0,750,235,0,1.0,2.0,500.0,2
SEIS3=--seis-p2p=1810,228,0,1811,228,0,1.0,2.0,500.0,2
SEIS4=--seis-p2p=1607,255,0,1608,255,0,1.0,2.0,500.0,2
SEIS1=--seis-p2p=624,225,0,625,225,0,1.0,2.0,500.0,2
SOURCELOC=0,0,-917
SEIS2=--seis-p2p=749,235,0,750,235,0,1.0,2.0,500.0,2
SEIS3=--seis-p2p=1810,228,0,1811,228,0,1.0,2.0,500.0,2
SEIS4=--seis-p2p=1607,255,0,1608,255,0,1.0,2.0,500.0,2
SEIS1=--seis-p2p=624,225,0,625,225,0,1.0,2.0,500.0,2
SEIS1=--seis-p2p=624,225,0,625,225,0,1.0,2.0,500.0,2
SEIS1=--seis-p2p=624,225,0,625,225,0,1.0,2.0,500.0,2
SOURCELOC=0,0,-917
SOURCELOC=0,0,-917
SOURCELOC=0,0,-917
SEIS1=--seis-p2p=624,225,0,625,225,0,1.0,2.0,500.0,2
SOURCELOC=0,0,-917
SEIS2=--seis-p2p=749,235,0,750,235,0,1.0,2.0,500.0,2
SEIS2=--seis-p2p=749,235,0,750,235,0,1.0,2.0,500.0,2
SEIS2=--seis-p2p=749,235,0,750,235,0,1.0,2.0,500.0,2
SEIS2=--seis-p2p=749,235,0,750,235,0,1.0,2.0,500.0,2
SEIS3=--seis-p2p=1810,228,0,1811,228,0,1.0,2.0,500.0,2
SEIS3=--seis-p2p=1810,228,0,1811,228,0,1.0,2.0,500.0,2
SEIS3=--seis-p2p=1810,228,0,1811,228,0,1.0,2.0,500.0,2
SEIS3=--seis-p2p=1810,228,0,1811,228,0,1.0,2.0,500.0,2
SEIS4=--seis-p2p=1607,255,0,1608,255,0,1.0,2.0,500.0,2
SEIS4=--seis-p2p=1607,255,0,1608,255,0,1.0,2.0,500.0,2
SEIS4=--seis-p2p=1607,255,0,1608,255,0,1.0,2.0,500.0,2
SEIS4=--seis-p2p=1607,255,0,1608,255,0,1.0,2.0,500.0,2
SEIS1=--seis-p2p=624,225,0,625,225,0,1.0,2.0,500.0,2
SEIS1=--seis-p2p=624,225,0,625,225,0,1.0,2.0,500.0,2
SOURCELOC=0,0,-917
SOURCELOC=0,0,-917
SEIS2=--seis-p2p=749,235,0,750,235,0,1.0,2.0,500.0,2
SEIS2=--seis-p2p=749,235,0,750,235,0,1.0,2.0,500.0,2
SEIS3=--seis-p2p=1810,228,0,1811,228,0,1.0,2.0,500.0,2
SEIS3=--seis-p2p=1810,228,0,1811,228,0,1.0,2.0,500.0,2
SEIS4=--seis-p2p=1607,255,0,1608,255,0,1.0,2.0,500.0,2
SEIS4=--seis-p2p=1607,255,0,1608,255,0,1.0,2.0,500.0,2
SEIS1=--seis-p2p=624,225,0,625,225,0,1.0,2.0,500.0,2
SEIS1=--seis-p2p=624,225,0,625,225,0,1.0,2.0,500.0,2
SOURCELOC=0,0,-917
SOURCELOC=0,0,-917
SEIS2=--seis-p2p=749,235,0,750,235,0,1.0,2.0,500.0,2
SEIS2=--seis-p2p=749,235,0,750,235,0,1.0,2.0,500.0,2
SEIS3=--seis-p2p=1810,228,0,1811,228,0,1.0,2.0,500.0,2
SEIS3=--seis-p2p=1810,228,0,1811,228,0,1.0,2.0,500.0,2
SEIS4=--seis-p2p=1607,255,0,1608,255,0,1.0,2.0,500.0,2
SEIS4=--seis-p2p=1607,255,0,1608,255,0,1.0,2.0,500.0,2
SEIS1=--seis-p2p=624,225,0,625,225,0,1.0,2.0,500.0,2
SEIS1=--seis-p2p=624,225,0,625,225,0,1.0,2.0,500.0,2
SOURCELOC=0,0,-917
SOURCELOC=0,0,-917
SEIS2=--seis-p2p=749,235,0,750,235,0,1.0,2.0,500.0,2
SEIS2=--seis-p2p=749,235,0,750,235,0,1.0,2.0,500.0,2
SEIS3=--seis-p2p=1810,228,0,1811,228,0,1.0,2.0,500.0,2
SEIS3=--seis-p2p=1810,228,0,1811,228,0,1.0,2.0,500.0,2
SEIS4=--seis-p2p=1607,255,0,1608,255,0,1.0,2.0,500.0,2
SEIS4=--seis-p2p=1607,255,0,1608,255,0,1.0,2.0,500.0,2
SEIS1=--seis-p2p=624,225,0,625,225,0,1.0,2.0,500.0,2
SEIS1=--seis-p2p=624,225,0,625,225,0,1.0,2.0,500.0,2
SOURCELOC=0,0,-917
SOURCELOC=0,0,-917
SEIS2=--seis-p2p=749,235,0,750,235,0,1.0,2.0,500.0,2
SEIS2=--seis-p2p=749,235,0,750,235,0,1.0,2.0,500.0,2
SEIS3=--seis-p2p=1810,228,0,1811,228,0,1.0,2.0,500.0,2
SEIS3=--seis-p2p=1810,228,0,1811,228,0,1.0,2.0,500.0,2
SEIS4=--seis-p2p=1607,255,0,1608,255,0,1.0,2.0,500.0,2
SEIS4=--seis-p2p=1607,255,0,1608,255,0,1.0,2.0,500.0,2
SEIS1=--seis-p2p=624,225,0,625,225,0,1.0,2.0,500.0,2
SEIS1=--seis-p2p=624,225,0,625,225,0,1.0,2.0,500.0,2
SOURCELOC=0,0,-917
SOURCELOC=0,0,-917
SEIS2=--seis-p2p=749,235,0,750,235,0,1.0,2.0,500.0,2
SEIS2=--seis-p2p=749,235,0,750,235,0,1.0,2.0,500.0,2
SEIS3=--seis-p2p=1810,228,0,1811,228,0,1.0,2.0,500.0,2
SEIS3=--seis-p2p=1810,228,0,1811,228,0,1.0,2.0,500.0,2
SEIS4=--seis-p2p=1607,255,0,1608,255,0,1.0,2.0,500.0,2
SEIS4=--seis-p2p=1607,255,0,1608,255,0,1.0,2.0,500.0,2
SEIS1=--seis-p2p=624,225,0,625,225,0,1.0,2.0,500.0,2
SEIS1=--seis-p2p=624,225,0,625,225,0,1.0,2.0,500.0,2
SOURCELOC=0,0,-917
SOURCELOC=0,0,-917
SEIS2=--seis-p2p=749,235,0,750,235,0,1.0,2.0,500.0,2
SEIS2=--seis-p2p=749,235,0,750,235,0,1.0,2.0,500.0,2
SEIS3=--seis-p2p=1810,228,0,1811,228,0,1.0,2.0,500.0,2
SEIS3=--seis-p2p=1810,228,0,1811,228,0,1.0,2.0,500.0,2
SEIS4=--seis-p2p=1607,255,0,1608,255,0,1.0,2.0,500.0,2
SEIS4=--seis-p2p=1607,255,0,1608,255,0,1.0,2.0,500.0,2
SEIS1=--seis-p2p=624,225,0,625,225,0,1.0,2.0,500.0,2
SEIS1=--seis-p2p=624,225,0,625,225,0,1.0,2.0,500.0,2
SOURCELOC=0,0,-917
SOURCELOC=0,0,-917
SEIS2=--seis-p2p=749,235,0,750,235,0,1.0,2.0,500.0,2
SEIS2=--seis-p2p=749,235,0,750,235,0,1.0,2.0,500.0,2
SEIS3=--seis-p2p=1810,228,0,1811,228,0,1.0,2.0,500.0,2
SEIS3=--seis-p2p=1810,228,0,1811,228,0,1.0,2.0,500.0,2
SEIS4=--seis-p2p=1607,255,0,1608,255,0,1.0,2.0,500.0,2
SEIS4=--seis-p2p=1607,255,0,1608,255,0,1.0,2.0,500.0,2
SEIS1=--seis-p2p=624,225,0,625,225,0,1.0,2.0,500.0,2
SEIS1=--seis-p2p=624,225,0,625,225,0,1.0,2.0,500.0,2
SOURCELOC=0,0,-917
SOURCELOC=0,0,-917
SEIS2=--seis-p2p=749,235,0,750,235,0,1.0,2.0,500.0,2
SEIS2=--seis-p2p=749,235,0,750,235,0,1.0,2.0,500.0,2
SEIS3=--seis-p2p=1810,228,0,1811,228,0,1.0,2.0,500.0,2
SEIS3=--seis-p2p=1810,228,0,1811,228,0,1.0,2.0,500.0,2
SEIS4=--seis-p2p=1607,255,0,1608,255,0,1.0,2.0,500.0,2
SEIS4=--seis-p2p=1607,255,0,1608,255,0,1.0,2.0,500.0,2
SEIS1=--seis-p2p=624,225,0,625,225,0,1.0,2.0,500.0,2
SEIS1=--seis-p2p=624,225,0,625,225,0,1.0,2.0,500.0,2
SOURCELOC=0,0,-917
SOURCELOC=0,0,-917
SEIS2=--seis-p2p=749,235,0,750,235,0,1.0,2.0,500.0,2
SEIS2=--seis-p2p=749,235,0,750,235,0,1.0,2.0,500.0,2
SEIS3=--seis-p2p=1810,228,0,1811,228,0,1.0,2.0,500.0,2
SEIS3=--seis-p2p=1810,228,0,1811,228,0,1.0,2.0,500.0,2
SEIS4=--seis-p2p=1607,255,0,1608,255,0,1.0,2.0,500.0,2
SEIS4=--seis-p2p=1607,255,0,1608,255,0,1.0,2.0,500.0,2
SEIS1=--seis-p2p=624,225,0,625,225,0,1.0,2.0,500.0,2
SEIS1=--seis-p2p=624,225,0,625,225,0,1.0,2.0,500.0,2
SOURCELOC=0,0,-917
SOURCELOC=0,0,-917
SEIS2=--seis-p2p=749,235,0,750,235,0,1.0,2.0,500.0,2
SEIS2=--seis-p2p=749,235,0,750,235,0,1.0,2.0,500.0,2
SEIS3=--seis-p2p=1810,228,0,1811,228,0,1.0,2.0,500.0,2
SEIS3=--seis-p2p=1810,228,0,1811,228,0,1.0,2.0,500.0,2
SEIS4=--seis-p2p=1607,255,0,1608,255,0,1.0,2.0,500.0,2
SEIS4=--seis-p2p=1607,255,0,1608,255,0,1.0,2.0,500.0,2
SEIS1=--seis-p2p=624,225,0,625,225,0,1.0,2.0,500.0,2
SEIS1=--seis-p2p=624,225,0,625,225,0,1.0,2.0,500.0,2
SOURCELOC=0,0,-917
SOURCELOC=0,0,-917
SEIS2=--seis-p2p=749,235,0,750,235,0,1.0,2.0,500.0,2
SEIS2=--seis-p2p=749,235,0,750,235,0,1.0,2.0,500.0,2
SEIS3=--seis-p2p=1810,228,0,1811,228,0,1.0,2.0,500.0,2
SEIS3=--seis-p2p=1810,228,0,1811,228,0,1.0,2.0,500.0,2
SEIS4=--seis-p2p=1607,255,0,1608,255,0,1.0,2.0,500.0,2
SEIS4=--seis-p2p=1607,255,0,1608,255,0,1.0,2.0,500.0,2
SEIS1=--seis-p2p=624,225,0,625,225,0,1.0,2.0,500.0,2
SEIS1=--seis-p2p=624,225,0,625,225,0,1.0,2.0,500.0,2
SOURCELOC=0,0,-917
SOURCELOC=0,0,-917
SEIS2=--seis-p2p=749,235,0,750,235,0,1.0,2.0,500.0,2
SEIS2=--seis-p2p=749,235,0,750,235,0,1.0,2.0,500.0,2
SEIS3=--seis-p2p=1810,228,0,1811,228,0,1.0,2.0,500.0,2
SEIS3=--seis-p2p=1810,228,0,1811,228,0,1.0,2.0,500.0,2
SEIS4=--seis-p2p=1607,255,0,1608,255,0,1.0,2.0,500.0,2
SEIS4=--seis-p2p=1607,255,0,1608,255,0,1.0,2.0,500.0,2
SEIS1=--seis-p2p=624,225,0,625,225,0,1.0,2.0,500.0,2
SOURCELOC=0,0,-917
SEIS2=--seis-p2p=749,235,0,750,235,0,1.0,2.0,500.0,2
SEIS3=--seis-p2p=1810,228,0,1811,228,0,1.0,2.0,500.0,2
SEIS4=--seis-p2p=1607,255,0,1608,255,0,1.0,2.0,500.0,2
SEIS1=--seis-p2p=624,225,0,625,225,0,1.0,2.0,500.0,2
SOURCELOC=0,0,-917
SEIS2=--seis-p2p=749,235,0,750,235,0,1.0,2.0,500.0,2
SEIS3=--seis-p2p=1810,228,0,1811,228,0,1.0,2.0,500.0,2
SEIS4=--seis-p2p=1607,255,0,1608,255,0,1.0,2.0,500.0,2
SEIS1=--seis-p2p=624,225,0,625,225,0,1.0,2.0,500.0,2
SOURCELOC=0,0,-917
SEIS2=--seis-p2p=749,235,0,750,235,0,1.0,2.0,500.0,2
SEIS3=--seis-p2p=1810,228,0,1811,228,0,1.0,2.0,500.0,2
SEIS4=--seis-p2p=1607,255,0,1608,255,0,1.0,2.0,500.0,2
SEIS1=--seis-p2p=624,225,0,625,225,0,1.0,2.0,500.0,2
SOURCELOC=0,0,-917
SEIS2=--seis-p2p=749,235,0,750,235,0,1.0,2.0,500.0,2
SEIS3=--seis-p2p=1810,228,0,1811,228,0,1.0,2.0,500.0,2
SEIS4=--seis-p2p=1607,255,0,1608,255,0,1.0,2.0,500.0,2
SEIS1=--seis-p2p=624,225,0,625,225,0,1.0,2.0,500.0,2
SOURCELOC=0,0,-917
SEIS2=--seis-p2p=749,235,0,750,235,0,1.0,2.0,500.0,2
SEIS3=--seis-p2p=1810,228,0,1811,228,0,1.0,2.0,500.0,2
SEIS4=--seis-p2p=1607,255,0,1608,255,0,1.0,2.0,500.0,2
SEIS1=--seis-p2p=624,225,0,625,225,0,1.0,2.0,500.0,2
SEIS1=--seis-p2p=624,225,0,625,225,0,1.0,2.0,500.0,2
SOURCELOC=0,0,-917
SOURCELOC=0,0,-917
SEIS2=--seis-p2p=749,235,0,750,235,0,1.0,2.0,500.0,2
SEIS2=--seis-p2p=749,235,0,750,235,0,1.0,2.0,500.0,2
SEIS3=--seis-p2p=1810,228,0,1811,228,0,1.0,2.0,500.0,2
SEIS3=--seis-p2p=1810,228,0,1811,228,0,1.0,2.0,500.0,2
SEIS4=--seis-p2p=1607,255,0,1608,255,0,1.0,2.0,500.0,2
SEIS4=--seis-p2p=1607,255,0,1608,255,0,1.0,2.0,500.0,2
SEIS1=--seis-p2p=624,225,0,625,225,0,1.0,2.0,500.0,2
SEIS1=--seis-p2p=624,225,0,625,225,0,1.0,2.0,500.0,2
SOURCELOC=0,0,-917
SOURCELOC=0,0,-917
SEIS2=--seis-p2p=749,235,0,750,235,0,1.0,2.0,500.0,2
SEIS2=--seis-p2p=749,235,0,750,235,0,1.0,2.0,500.0,2
SEIS3=--seis-p2p=1810,228,0,1811,228,0,1.0,2.0,500.0,2
SEIS3=--seis-p2p=1810,228,0,1811,228,0,1.0,2.0,500.0,2
SEIS4=--seis-p2p=1607,255,0,1608,255,0,1.0,2.0,500.0,2
SEIS4=--seis-p2p=1607,255,0,1608,255,0,1.0,2.0,500.0,2
SEIS1=--seis-p2p=624,225,0,625,225,0,1.0,2.0,500.0,2
SEIS1=--seis-p2p=624,225,0,625,225,0,1.0,2.0,500.0,2
SOURCELOC=0,0,-917
SOURCELOC=0,0,-917
SEIS2=--seis-p2p=749,235,0,750,235,0,1.0,2.0,500.0,2
SEIS2=--seis-p2p=749,235,0,750,235,0,1.0,2.0,500.0,2
SEIS3=--seis-p2p=1810,228,0,1811,228,0,1.0,2.0,500.0,2
SEIS3=--seis-p2p=1810,228,0,1811,228,0,1.0,2.0,500.0,2
SEIS4=--seis-p2p=1607,255,0,1608,255,0,1.0,2.0,500.0,2
SEIS4=--seis-p2p=1607,255,0,1608,255,0,1.0,2.0,500.0,2
SEIS1=--seis-p2p=624,225,0,625,225,0,1.0,2.0,500.0,2
SEIS1=--seis-p2p=624,225,0,625,225,0,1.0,2.0,500.0,2
SOURCELOC=0,0,-917
SOURCELOC=0,0,-917
SEIS2=--seis-p2p=749,235,0,750,235,0,1.0,2.0,500.0,2
SEIS2=--seis-p2p=749,235,0,750,235,0,1.0,2.0,500.0,2
SEIS3=--seis-p2p=1810,228,0,1811,228,0,1.0,2.0,500.0,2
SEIS3=--seis-p2p=1810,228,0,1811,228,0,1.0,2.0,500.0,2
SEIS4=--seis-p2p=1607,255,0,1608,255,0,1.0,2.0,500.0,2
SEIS4=--seis-p2p=1607,255,0,1608,255,0,1.0,2.0,500.0,2
SEIS1=--seis-p2p=624,225,0,625,225,0,1.0,2.0,500.0,2
SEIS1=--seis-p2p=624,225,0,625,225,0,1.0,2.0,500.0,2
SOURCELOC=0,0,-917
SOURCELOC=0,0,-917
SEIS2=--seis-p2p=749,235,0,750,235,0,1.0,2.0,500.0,2
SEIS2=--seis-p2p=749,235,0,750,235,0,1.0,2.0,500.0,2
SEIS3=--seis-p2p=1810,228,0,1811,228,0,1.0,2.0,500.0,2
SEIS3=--seis-p2p=1810,228,0,1811,228,0,1.0,2.0,500.0,2
SEIS4=--seis-p2p=1607,255,0,1608,255,0,1.0,2.0,500.0,2
SEIS4=--seis-p2p=1607,255,0,1608,255,0,1.0,2.0,500.0,2
SEIS1=--seis-p2p=624,225,0,625,225,0,1.0,2.0,500.0,2
SOURCELOC=0,0,-917
SEIS2=--seis-p2p=749,235,0,750,235,0,1.0,2.0,500.0,2
SEIS3=--seis-p2p=1810,228,0,1811,228,0,1.0,2.0,500.0,2
SEIS4=--seis-p2p=1607,255,0,1608,255,0,1.0,2.0,500.0,2
SEIS1=--seis-p2p=624,225,0,625,225,0,1.0,2.0,500.0,2
SEIS1=--seis-p2p=624,225,0,625,225,0,1.0,2.0,500.0,2
SOURCELOC=0,0,-917
SOURCELOC=0,0,-917
SEIS2=--seis-p2p=749,235,0,750,235,0,1.0,2.0,500.0,2
SEIS2=--seis-p2p=749,235,0,750,235,0,1.0,2.0,500.0,2
SEIS3=--seis-p2p=1810,228,0,1811,228,0,1.0,2.0,500.0,2
SEIS3=--seis-p2p=1810,228,0,1811,228,0,1.0,2.0,500.0,2
SEIS4=--seis-p2p=1607,255,0,1608,255,0,1.0,2.0,500.0,2
SEIS4=--seis-p2p=1607,255,0,1608,255,0,1.0,2.0,500.0,2
SEIS1=--seis-p2p=624,225,0,625,225,0,1.0,2.0,500.0,2
SEIS1=--seis-p2p=624,225,0,625,225,0,1.0,2.0,500.0,2
SOURCELOC=0,0,-917
SOURCELOC=0,0,-917
SEIS2=--seis-p2p=749,235,0,750,235,0,1.0,2.0,500.0,2
SEIS2=--seis-p2p=749,235,0,750,235,0,1.0,2.0,500.0,2
SEIS3=--seis-p2p=1810,228,0,1811,228,0,1.0,2.0,500.0,2
SEIS3=--seis-p2p=1810,228,0,1811,228,0,1.0,2.0,500.0,2
SEIS4=--seis-p2p=1607,255,0,1608,255,0,1.0,2.0,500.0,2
SEIS4=--seis-p2p=1607,255,0,1608,255,0,1.0,2.0,500.0,2
SEIS1=--seis-p2p=624,225,0,625,225,0,1.0,2.0,500.0,2
SOURCELOC=0,0,-917
SEIS2=--seis-p2p=749,235,0,750,235,0,1.0,2.0,500.0,2
SEIS3=--seis-p2p=1810,228,0,1811,228,0,1.0,2.0,500.0,2
SEIS4=--seis-p2p=1607,255,0,1608,255,0,1.0,2.0,500.0,2
SEIS1=--seis-p2p=624,225,0,625,225,0,1.0,2.0,500.0,2
SOURCELOC=0,0,-917
SEIS2=--seis-p2p=749,235,0,750,235,0,1.0,2.0,500.0,2
SEIS3=--seis-p2p=1810,228,0,1811,228,0,1.0,2.0,500.0,2
SEIS4=--seis-p2p=1607,255,0,1608,255,0,1.0,2.0,500.0,2
